[gd_scene load_steps=13 format=2]

[ext_resource path="res://Escenas/tejas.tscn" type="PackedScene" id=1]
[ext_resource path="res://Escenas/Agua.tscn" type="PackedScene" id=2]
[ext_resource path="res://Escenas/Plataforma_nivel_1.tscn" type="PackedScene" id=3]
[ext_resource path="res://Escenas_Importadas/plantas/plantas.dae" type="PackedScene" id=4]
[ext_resource path="res://Escenas/PersonajePrincipal.tscn" type="PackedScene" id=5]
[ext_resource path="res://Escenas/EnemigoPrincipal.tscn" type="PackedScene" id=6]
[ext_resource path="res://Escenas/Enemigo_Cuchillo.tscn" type="PackedScene" id=7]
[ext_resource path="res://Escenas/BOSS.tscn" type="PackedScene" id=8]
[ext_resource path="res://audios/musica.ogg" type="AudioStream" id=9]

[sub_resource type="ProceduralSky" id=1]

[sub_resource type="Environment" id=2]
background_mode = 2
background_sky = SubResource( 1 )
ambient_light_energy = 1.5
fog_enabled = true
fog_transmit_enabled = true
fog_height_enabled = true

[sub_resource type="Animation" id=3]
resource_name = "mover_Camara_prueba"
length = 50.0
loop = true
tracks/0/type = "value"
tracks/0/path = NodePath("camaras/camara_principal/CameraPrincipal:translation")
tracks/0/interp = 1
tracks/0/loop_wrap = true
tracks/0/imported = false
tracks/0/enabled = true
tracks/0/keys = {
"times": PoolRealArray( 0, 49.9 ),
"transitions": PoolRealArray( 1, 1 ),
"update": 0,
"values": [ Vector3( -3.665, 2.67, 9.271 ), Vector3( -160.505, 2.67, 9.271 ) ]
}

[node name="EscenaPrincipal" type="Spatial"]

[node name="Nivel_1" type="Spatial" parent="."]

[node name="iluminaci贸n" type="Spatial" parent="Nivel_1"]
editor/display_folded = true

[node name="WorldEnvironment" type="WorldEnvironment" parent="Nivel_1/iluminaci贸n"]
environment = SubResource( 2 )

[node name="DirectionalLight" type="DirectionalLight" parent="Nivel_1/iluminaci贸n"]
transform = Transform( 0.994572, -0.010054, -0.103563, 0.0255439, 0.988454, 0.149351, 0.100866, -0.151186, 0.983346, 0, 1.30464, 6.29577 )
light_energy = 0.5
shadow_enabled = true
shadow_color = Color( 0.537255, 0.537255, 0.537255, 1 )

[node name="ReflectionProbe" type="ReflectionProbe" parent="Nivel_1/iluminaci贸n"]
transform = Transform( 1, 0, 0, 0, 1, 0, 0, 0, 1, -78.6227, 3.43339, -5.68467 )
extents = Vector3( 94.3663, 5.96406, 8.2271 )
enable_shadows = true

[node name="escenario" type="Spatial" parent="Nivel_1"]
editor/display_folded = true

[node name="tejas" parent="Nivel_1/escenario" instance=ExtResource( 1 )]
transform = Transform( 1, 0, 0, 0, 0.787114, -0.616808, 0, 0.616808, 0.787114, 0, 0.773, -3.85 )

[node name="Agua" parent="Nivel_1/escenario" instance=ExtResource( 2 )]

[node name="Plataforma_nivel_1" parent="Nivel_1/escenario" instance=ExtResource( 3 )]

[node name="camaras" type="Spatial" parent="Nivel_1"]
editor/display_folded = true

[node name="camara_principal" type="Spatial" parent="Nivel_1/camaras"]
editor/display_folded = true

[node name="CameraPrincipal" type="Camera" parent="Nivel_1/camaras/camara_principal"]
transform = Transform( 0.999969, -0.000142552, -0.00785261, 0, 0.999835, -0.0181504, 0.0078539, 0.0181499, 0.999804, -3.665, 2.67, 9.271 )
current = true
fov = 30.0
far = 1500.0

[node name="plantascamara_principal" parent="Nivel_1/camaras/camara_principal" instance=ExtResource( 4 )]
transform = Transform( 1, -1.45519e-011, 1.74157e-007, 0, 1, 0, -1.74157e-007, 0, 1, 0, 0.183, 1.3 )

[node name="camaraPrincipalAlejada" type="Spatial" parent="Nivel_1/camaras"]
editor/display_folded = true
visible = false

[node name="CamaraPrincipalAlejada" type="Camera" parent="Nivel_1/camaras/camaraPrincipalAlejada"]
transform = Transform( 1, 0, 0, 0, 0.994681, -0.103001, 0, 0.103001, 0.994681, -4.111, 2.671, 5.433 )
near = 0.01
far = 1500.0

[node name="plantas" parent="Nivel_1/camaras/camaraPrincipalAlejada" instance=ExtResource( 4 )]
transform = Transform( 1, 0, 1.74846e-007, 0, 1, 0, -1.74846e-007, 0, 1, 0, 0.316364, 0.0166626 )

[node name="camaraTerceraPersona" type="Spatial" parent="Nivel_1/camaras"]
editor/display_folded = true
visible = false

[node name="CamaraTerceraPersona" type="Camera" parent="Nivel_1/camaras/camaraTerceraPersona"]
transform = Transform( 0.173786, 0.0449701, 0.983756, 0.00491648, 0.998905, -0.0465311, -0.984771, 0.0129231, 0.173374, 2.826, 2.938, -5.357 )
visible = false
far = 1500.0

[node name="plantas3" parent="Nivel_1/camaras/camaraTerceraPersona" instance=ExtResource( 4 )]
transform = Transform( -0.997317, 0.0481998, -0.0550917, 0.04514, 0.997438, 0.055497, 0.0576256, 0.0528613, -0.996937, -28.4873, 1.94445, 4.30883 )
visible = false

[node name="personajes" type="Spatial" parent="Nivel_1"]
editor/display_folded = true
transform = Transform( 1, -4.36557e-011, -5.58794e-009, -5.82077e-011, 1, 0, 5.58794e-009, 1.86265e-009, 1, 1.77707, 1.43051e-006, 7.62939e-006 )

[node name="PersonajePrincipal" parent="Nivel_1/personajes" instance=ExtResource( 5 )]
transform = Transform( 0.0631158, -2.61934e-010, -0.596671, -1.11759e-008, 0.6, -3.25963e-009, 0.596672, -4.84288e-008, 0.0631158, -5.44376, 2.23885, -6.50692 )

[node name="EnemigoPrincipal" parent="Nivel_1/personajes" instance=ExtResource( 6 )]
transform = Transform( 0.0347356, 1.68257e-009, -0.598994, -1.1158e-008, 0.6, -3.4369e-009, 0.598994, -4.83951e-008, 0.0347356, -3.71771, 2.23885, -6.62585 )

[node name="Enemigo_Cuchillo" parent="Nivel_1/personajes" instance=ExtResource( 7 )]
transform = Transform( 0.0631158, -2.61934e-010, -0.596671, -1.11759e-008, 0.6, -3.25963e-009, 0.596672, -4.84288e-008, 0.0631158, -1.81624, 2.23885, -6.50692 )

[node name="BOSS" parent="Nivel_1/personajes" instance=ExtResource( 8 )]
transform = Transform( 0.0632159, -0.000370721, -0.59666, 0.00351857, 0.59999, 2.0562e-020, 0.596651, -0.00349898, 0.0632169, 0.234519, 2.19933, -6.50692 )

[node name="audio" type="Node" parent="Nivel_1"]
editor/display_folded = true

[node name="AudioPrincipal" type="AudioStreamPlayer" parent="Nivel_1/audio"]
stream = ExtResource( 9 )
autoplay = true

[node name="AnimationPlayer" type="AnimationPlayer" parent="Nivel_1"]
anims/mover_Camara_prueba = SubResource( 3 )

